Tinky Winky 5 0 5 5 0 1 0 5 0 5 5 5 5 5 5 5 5 5 2 0 0 0 0 0 5 5 5 1 0 0 0 -1
Jacques Chirac 1 1 5 0 0 5 1 1 5 5 5 5 5 5 5 5 1 1 1 1 0 0 1 1 5 5 5 5 0 0 0 -1
Super man 5 1 5 5 5 1 0 5 5 5 5 5 5 5 5 5 1 0 5 0 0 0 1 5 5 1 5 2 0 0 0 -1
Obelix (ASTERIX) 5 1 5 5 0 1 0 5 5 5 5 5 5 5 5 5 1 5 5 0 5 0 0 5 5 5 1 1 0 0 0 -1
Pongo Dalmatien 5 1 5 5 5 1 5 5 5 5 5 5 5 1 1 5 1 2 1 5 5 5 5 5 5 5 5 1 0 0 0 -1
Celine Dion 5 5 5 2 2 5 0 5 5 1 5 5 5 5 5 5 1 1 1 1 5 5 0 5 5 5 5 5 0 0 0 -1
Stefan Derrick 5 1 5 5 4 1 0 5 5 5 5 5 5 5 5 5 1 1 2 4 5 5 0 5 5 5 5 0 0 0 -1
Dora exploratrice 5 5 5 5 5 1 4 5 5 5 5 5 5 5 5 5 1 5 5 4 5 1 4 5 5 5 5 1 0 0 0 -1
Lucky Luke 5 1 5 5 5 1 5 5 5 5 5 5 5 5 5 5 1 5 5 4 5 0 4 5 5 5 5 1 0 0 0 -1
Leonard DeVinci 0 1 1 5 3 5 4 1 5 5 1 5 5 5 5 5 1 4 4 2 5 5 4 1 5 5 5 5 0 0 0 -1
Cruella DEnfer 5 5 5 5 5 1 4 5 5 5 5 5 5 5 5 5 1 4 4 1 5 5 4 5 1 5 5 1 0 0 0 -1
Bat man 5 1 5 5 4 1 5 5 5 5 5 5 5 5 5 1 1 4 4 1 5 5 2 5 5 1 5 1 0 0 0 -1
Cristiano Ronaldo 5 1 5 5 5 5 5 5 1 5 5 5 5 5 5 5 1 1 1 5 0 4 5 5 5 5 5 5 0 0 0 -1
Christophe colomb 5 1 5 5 3 5 5 5 3 5 5 5 5 5 5 5 1 1 1 1 5 1 0 1 5 5 4 5 0 0 0 -1
Zorro Z 5 1 5 5 5 1 4 5 5 5 5 5 5 5 5 1 1 4 4 1 5 5 4 5 5 5 5 1 0 0 0 -1
Mr bean 5 1 5 5 5 1 5 5 5 5 5 5 5 5 5 5 1 4 4 4 5 4 4 5 5 5 5 5 0 0 0 -1
OPrah Winfrey 1 5 5 2 5 5 5 2 5 5 5 5 1 5 5 5 1 2 2 1 5 5 4 5 5 5 5 5 0 0 0 -1
Harry Poter 5 1 5 5 5 1 4 5 5 5 5 5 5 5 5 5 1 5 5 4 5 5 0 5 5 5 5 5 0 0 0 -1 
Liliane Bettencourt 2 5 5 5 5 5 2 5 5 5 5 5 5 5 5 5 1 2 1 1 5 5 2 5 5 5 5 5 0 0 0 -1
marine lepen 1 5 5 5 1 5 1 2 5 5 5 5 5 5 5 5 1 1 2 2 5 5 1 5 3 5 5 5 0 0 0 -1 
Marie Curie 5 5 2 5 5 5 5 5 5 5 5 5 5 5 5 5 1 1 1 4 1 5 1 1 5 5 5 5 0 0 0 -1
Louis pasteur 5 1 2 5 5 5 5 5 5 5 5 5 5 5 5 5 1 1 1 4 1 5 1 1 5 5 5 5 0 0 0 -1
Le Joker 5 1 5 5 4 1 5 5 5 5 5 5 5 5 5 5 1 4 4 4 5 5 3 5 1 5 5 1 0 0 0 -1
Cat women 5 5 5 5 4 1 5 5 5 5 5 5 5 5 5 5 1 4 4 4 5 5 3 5 5 1 5 1 0 0 0 -1
Albert Camus 4 1 3 5 0 5 5 1 5 5 5 5 5 5 5 5 1 2 2 2 2 5 2 5 5 5 5 5 0 0 0 -1
Segolene royal 1 5 5 0 0 5 1 1 5 5 5 5 5 5 5 5 1 1 1 1 0 0 1 1 5 5 5 5 0 0 0 -1
Nagui animateur 5 1 5 5 5 5 5 4 5 5 5 5 1 5 5 5 1 1 1 1 5 5 2 5 5 5 5 5 0 0 0 -1
Roi Lion 5 1 5 5 5 1 5 5 5 5 5 5 5 1 5 5 1 4 1 5 5 5 5 5 5 5 5 1 0 0 0 -1
